819
820
820
821
820
1093
1094
1094
1092
1093
1093
1093
1092
1092
1092
1094
1093
1092
1093
1093
1092
1093
1093
1094
1093
1092
1093
1095
1092
1092
1093
1095
1092
1092
1093
1094
1093
1093
1092
1094
1093
1093
1093
1094
1092
1093
1092
1093
1093
1092
1094
1094
1091
1092
1092
1094
1093
1093
1093
1094
1092
1093
1093
1094
1093
1092
1092
1094
1093
1093
1093
1095
1092
1092
1093
1095
1093
1092
1092
1093
1093
1092
1093
1094
1092
1093
1094
1094
1094
1093
1092
1092
1091
1093
1093
1094
1092
1093
1091
1095
1091
1093
1092
1093
1091
1092
1093
1094
1093
1092
1093
1094
1092
1093
1093
1094
1093
1094
1095
1095
1092
1093
1094
1094
1092
1092
1092
1093
1092
1091
1093
1092
1092
1093
1092
1093
1093
1093
1092
1093
1092
1093
1092
1093
1093
1092
1092
1094
1093
1092
1092
1095
1092
1093
1092
1094
1092
1091
1093
1094
1092
1093
1093
1094
1092
1094
1092
1094
1091
1092
1092
1094
1092
1092
1092
1095
1092
1092
1094
1094
1093
1093
1094
1093
1092
1092
1092
1093
1100
1101
1103
1101
1146
1144
1146
1159
1091
1093
1132
1092
1092
1094
1096
1092
1098
1114
1094
1120
1096
1098
1096
1092
1092
1092
1095
1091
1091
1092
1094
1092
1091
1092
1094
1093
1099
1192
1171
1487
1098
1256
1217
1541
1099
1143
1160
851
821
1091
1092
1091
1094
1092
1092
1091
1094
1093
1091
1091
1093
1091
1093
1091
1095
1093
1092
1091
1094
1092
1093
1091
1093
1092
1092
1091
1095
1092
1092
1091
1093
1093
1092
1092
1093
1092
1093
1092
1096
1093
1092
1092
1094
1092
1092
1091
1092
1092
1093
1092
1097
1092
1092
1092
1093
1092
1092
1091
1092
1093
1092
1092
1096
1091
1092
1092
1093
1093
1093
1091
1092
1092
1092
1091
1095
1092
1091
1091
1093
1093
1093
1091
1093
1093
1118
1091
1096
1092
1111
1091
1094
1091
1116
1091
1093
1093
1786
1710
1714
1709
1766
1282
1283
1281
1331
1282
1290
1282
1355
1282
1303
1282
1331
1282
1287
1282
1308
1282
1284
1282
1282
1336
1285
1282
1282
1331
1285
1281
1282
1322
1284
1281
1282
1342
1286
1282
1282
1332
1284
1282
1282
1322
1286
1282
1282
1342
1284
1282
1282
1285
1344
1282
1282
1284
1282
1343
1282
1286
1282
1356
1282
1284
1282
1344
1282
1286
1282
1301
1282
1283
1282
1340
1283
1290
1282
1382
1282
1299
1285
1320
1307
1302
1282
1282
1284
1282
1282
1282
1283
1283
1284
1286
1283
1299
1285
1356
1340
1338
1553
1579
1292
1915
1446
1377
1286
1282
1285
1295
1285
1282
1283
1284
1284
1283
1282
1282
1326
1327
1283
1283
1304
1306
1282
1283
1357
1283
1360
1282
1311
1282
1304
1282
1291
1282
1292
1282
1334
1282
1333
1283
1335
1283
1334
1283
1313
1282
1313
1282
1282
1323
1322
1282
1282
1307
1306
1282
1346
1347
1346
1372
1315
1308
1335
1289
1283
1377
1355
1283
1299
1362
1355
1283
1289
1334
1283
1356
1289
1372
1283
1357
1284
1285
1615
1929
1286
1286
1471
1366
1283
1282
1327
1282
1340
1282
1335
1282
1328
1282
1348
1282
1346
1283
1311
1282
1316
1282
1339
1338
1394
1454
1559
1694
1561
1664
1393
1416
1367
1335
1368
1283
1330
1297
1347
1283
1360
1308
1546
1348
1557
1441
1282
1357
1358
1282
1282
1341
1333
1282
1282
1367
1282
1371
1282
1358
1282
1369
1282
1378
1282
1362
1282
1333
1282
1352
1282
1343
1282
1368
1282
1374
1282
1360
1282
1282
1350
1323
1282
1282
1416
1432
1282
1282
1391
1282
1379
1282
1344
1282
1356
1282
1367
1282
1362
1282
1337
1282
1311
1282
1333
1282
1362
1282
1337
1282
1325
1282
1360
1282
1357
1283
1283
1350
1357
1282
1283
1351
1353
1282
1282
1363
1282
1348
1282
1354
1282
1351
1282
1324
1282
1336
1282
1351
1282
1371
1282
1345
1282
1323
522
487
1282
519
504
974
975
1018
1017
974
974
1047
1060
975
975
1002
988
975
974
1009
975
1036
975
975
1114
1088
975
975
1047
1045
974
975
990
989
974
975
1018
1018
974
975
987
996
975
975
1067
1057
975
974
1048
1048
974
974
1040
974
1040
974
1003
974
1008
975
1000
974
994
975
975
1057
1077
975
975
1038
1020
982
987
1033
1033
976
975
981
981
975
975
974
981
975
975
1023
1014
975
975
983
983
975
975
1067
1067
975
975
988
988
975
974
1010
974
1023
975
1031
980
1035
1001
1101
1036
1087
997
986
1037
1033
976
975
975
975
974
975
975
975
974
975
974
975
974
975
974
975
974
975
974
975
974
975
974
975
974
975
974
975
974
975
974
975
974
975
974
975
974
974
975
975
975
975
974
975
974
976
975
975
975
975
974
975
974
975
974
975
974
975
974
975
975
975
974
975
974
975
974
975
974
974
975
975
974
975
974
975
974
975
974
975
974
974
974
975
974
974
974
975
974
975
974
975
974
974
974
975
974
974
974
975
974
975
975
975
974
974
974
975
974
974
974
975
974
975
974
975
975
975
974
975
974
974
974
975
975
974
974
975
974
974
974
976
974
975
974
976
974
975
974
975
974
975
974
975
974
975
974
975
974
974
974
975
974
975
974
975
974
975
974
975
974
974
974
975
974
975
974
975
975
975
974
975
974
975
974
975
974
975
974
976
975
974
974
975
975
975
974
977
975
974
974
976
974
975
975
975
975
975
974
975
974
975
974
975
974
975
974
976
974
975
974
976
974
975
974
975
974
975
