160
160
163
165
165
166
166
168
169
168
169
170
170
171
170
171
171
172
172
173
173
173
176
177
184
185
187
187
187
189
195
196
395
394
395
394
394
394
394
395
396
403
403
394
394
320
320
320
320
320
320
395
394
394
394
395
395
401
402
394
394
394
394
394
395
394
394
394
395
396
401
394
401
394
394
394
394
394
394
395
394
395
395
394
400
394
400
394
394
394
394
394
395
394
395
396
394
394
401
401
394
395
394
394
394
394
394
394
395
394
394
400
401
394
394
394
394
395
394
394
395
396
394
394
401
401
394
394
394
394
395
394
394
395
395
394
394
402
402
394
394
395
394
394
394
395
394
396
394
394
402
404
395
394
394
394
394
394
394
394
395
394
394
401
401
394
394
394
394
394
395
394
394
396
394
394
401
402
394
394
394
394
394
394
395
394
395
394
394
402
402
394
394
394
394
394
394
395
394
394
394
394
398
398
394
394
394
394
394
394
395
395
394
394
394
399
399
394
394
394
394
394
394
395
395
394
394
394
403
404
394
394
394
394
394
394
395
394
394
394
394
400
401
395
394
394
394
394
394
394
394
394
394
394
400
399
394
394
394
394
394
394
395
394
394
394
394
403
404
394
394
394
394
394
394
395
394
394
394
394
400
401
394
394
394
394
394
394
395
394
394
394
394
403
405
394
394
394
394
394
394
394
394
394
394
394
397
397
394
395
394
394
394
394
394
394
394
394
394
396
395
394
394
394
394
394
394
394
394
394
394
394
396
395
657
657
658
657
656
657
657
657
657
662
657
663
658
407
407
407
407
407
407
407
407
416
407
407
407
407
407
407
407
431
407
429
388
393
389
407
407
407
407
407
407
407
407
407
407
407
407
408
407
419
407
435
371
371
396
407
408
414
407
407
407
407
407
407
407
407
406
407
407
408
407
389
388
388
388
411
411
388
389
393
388
388
388
388
388
388
388
389
388
388
388
389
388
408
407
407
427
407
407
428
412
407
407
407
407
407
407
407
407
407
407
407
408
407
408
407
408
388
388
388
412
394
411
388
388
388
388
388
388
388
388
388
389
388
389
388
389
388
394
388
388
388
395
396
379
397
371
371
371
371
371
371
371
371
371
371
372
372
371
372
371
388
388
388
371
379
409
396
391
371
371
371
371
371
371
371
371
371
371
372
371
372
372
371
407
407
407
412
426
388
408
388
388
388
388
388
388
388
388
388
388
389
388
389
389
388
388
388
388
394
388
421
420
388
388
388
388
388
388
388
388
388
388
389
388
389
389
388
394
388
389
396
388
393
393
392
371
371
371
371
371
371
371
371
371
372
372
371
372
372
371
390
388
389
396
413
414
412
388
388
388
388
388
388
389
388
388
388
389
388
389
389
388
407
407
407
413
437
439
407
406
407
407
407
407
407
407
407
407
407
407
408
408
407
407
407
407
412
433
430
407
407
406
407
408
407
407
407
407
407
407
407
407
407
407
407
407
412
156
156
155
413
156
156
148
150
410
409
433
415
433
406
407
407
407
407
407
407
407
407
407
407
407
410
409
410
410
409
409
409
409
409
409
410
410
409
409
409
409
409
409
410
410
409
409
409
409
409
409
410
410
409
409
409
409
410
409
410
412
409
409
409
409
414
409
411
414
409
409
409
409
415
409
414
417
409
409
409
409
412
409
421
414
409
409
409
409
419
409
419
418
409
409
409
409
412
409
412
415
409
409
409
409
416
409
413
415
409
409
409
409
414
409
413
414
409
409
409
409
416
409
413
417
409
409
409
409
416
409
412
418
409
409
409
409
421
409
422
422
409
409
409
409
416
409
416
411
409
409
409
409
412
409
421
413
409
409
409
409
414
409
411
412
408
409
409
409
419
409
411
409
409
427
409
409
419
409
417
409
409
363
374
363
364
373
363
367
363
363
363
415
409
409
416
409
414
409
409
409
409
419
420
409
420
409
409
409
409
422
421
409
411
409
409
409
409
412
413
409
410
409
409
409
409
415
415
409
410
409
409
409
409
414
414
409
411
409
409
409
409
412
411
409
411
409
409
409
409
410
410
409
410
409
409
409
409
409
410
409
410
409
409
409
409
410
409
410
410
409
409
409
409
410
409
410
410
409
409
409
409
409
409
410
410
409
409
409
409
409
409
411
410
409
409
409
409
409
409
410
410
409
409
409
409
409
409
410
410
409
409
408
409
409
409
410
409
410
409
409
409
409
409
410
409
409
411
409
409
409
409
410
409
409
411
409
409
409
409
410
409
409
410
409
409
409
401