19 64
19 64
19 64
19 64 
19 64
19 64
19 64
19 64
19 64
19 64
19 64
19 64
19 64 
19 64
19 64
19 64
19 64
19 64
19 64 
19 64
19 64
19 64
19 64
19 64
19 64
19 64
19 64
19 64
19 64
19 64
20 64
20 64
20 64
20 64
20 64
20 64
20 64
20 64
20 20 
64 64
20 64
20 64
20 64
20 64
20 64
20 64
20 64
20 64
20 64
20 64
21 64
21 21 
64 64
22 64
22 64
23 64
23 64
23 64
24 24 
64 64
30 64
30 64
30 64
31 64
19 64
96 13
96 13
96 13
96 13
96 13
96 13
96 13
96 13
96 13
96 13
106 13
106 13
108 13
96 13
96 13
96 13
96 13
96 13
96 13
96 13
96 13
96 13
96 13
96 13
89 14
89 14
89 14
89 14
89 14
89 14
89 14
89 14
89 14
89 14
95 14
89 14
89 14
96 14
100 14
98 14
100 14
89 14
89 14
104 12
104 12
104 12
104 12
104 12
106 12
104 12
104 12
116 12
116 12
116 12
104 12
104 12
104 12
104 12
104 12
104 12
104 12
104 12
104 12
89 14
105 12
90 14
93 14
94 14
89 14
89 14
89 14
89 14
89 14
89 14
89 14
93 14
89 14
89 14
91 14
91 14
89 14
89 14
89 14
89 14
89 14
96 14
96 14
89 14
96 13
96 13
103 13
96 13
96 13
96 13
96 13
96 13
104 13
96 13
105 13
96 13
104 13
96 13
96 13
96 13
96 13
96 13
96 13
104 12
104 12
104 12
105 12
104 12
106 12
107 12
104 12
104 12
104 12
104 12
104 12
104 12
104 12
104 12
104 12
116 12
115 12
104 12
104 12
117 12
104 13
103 13
96 13
96 13
96 13
96 13
96 13
96 13
96 13
96 13
106 13
106 13
104 13
103 13
103 13
96 13
104 12
104 12
104 12
104 12
104 12
104 12
104 12
107 12
107 12
111 12
108 12
104 12
104 12
104 12
104 12
104 12
104 12
104 12
104 12
104 13
105 13
104 13
103 13
111 13
96 13
96 13
96 13
96 13
96 13
96 13
96 13
103 13
103 13
103 13
104 13
83 15
98 13
102 13
89 15
83 15
83 15
83 15
83 15
83 15
83 15
83 15
83 15
84 15
84 15
92 15
83 15
83 15
92 15
94 15
104 12
104 12
104 12
104 12
104 12
104 12
104 12
104 12
110 12
110 12
116 12
104 12
104 12
104 12
104 12
104 12
104 12
139 12
104 12
96 13
114 13
99 13
99 13
105 13
96 13
96 13
96 13
96 13
96 13
96 13
102 13
96 13
96 13
98 13
96 13
96 13
89 14
89 14
89 14
89 14
89 14
99 13
89 14
89 14
89 14
89 14
103 14
95 14
94 14
94 14
89 14
89 14
89 14
89 14
89 14
89 14
89 14
92 14
89 14
89 14
99 14
106 13
107 13
96 13
96 13
96 13
96 13
96 13
96 13
96 13
96 13
251 13
251 13
269 13
251 13
272 13
272 12
272 12
272 12
252 13
280 13
272 12
272 12
276 12
346 12
98 33
99 33
99 33
99 33
99 33
99 33
99 33
99 33
99 33
99 33
99 33
99 33
99 33
99 33
99 33
99 33
99 33
111 33
113 33
101 33
119 33
125 33
99 33
99 33
99 33
99 33
99 33
99 33
99 33
103 33
106 33
110 33
98 33
99 33
99 33
99 33
99 33
99 33
99 33
99 33
99 33
99 33
99 33
99 33
99 33
99 33
107 33
108 33
110 33
102 33
94 37
98 37
96 37
88 37
102 37
88 37
88 37
88 37
88 37
96 37
88 37
108 37
107 37
96 37
105 37
105 37
102 37
90 37
105 37
98 33
99 33
99 33
99 33
99 33
99 33
99 33
99 33
99 33
99 33
99 33
99 33
99 33
109 33
99 33
111 33
99 33
103 33
99 33
99 33
99 33
99 33
99 33
99 33
106 33
112 33
90 36
90 36
90 36
90 36
109 33
96 36
97 36
98 36
98 36
97 36
90 36
99 33
99 33
99 33
99 33
99 33
99 33
99 33
99 33
99 33
99 33
99 33
99 33
99 33
101 33
99 33
105 33
99 33
99 33
99 33
99 33
99 33
99 33
110 33
99 33
99 33
90 36
90 36
94 36
98 36
96 36
118 33
120 33
99 36
99 36
113 36
90 36
99 33
99 33
99 33
99 33
99 33
99 33
99 33
99 33
99 33
99 33
99 33
99 33
99 33
99 33
105 33
99 33
99 33
99 33
99 33
99 33
99 33
107 33
99 33
99 33
107 33
105 33
103 34
105 34
102 34
102 34
122 34
122 34
96 34
96 34
96 34
96 34
96 34
96 34
96 34
96 34
96 34
96 34
96 34
96 34
118 34
96 34
96 34
96 34
93 35
93 35
93 35
93 35
93 35
93 35
93 35
103 35
101 35
93 35
93 35
104 35
103 35
104 35
102 35
103 35
102 35
79 41
79 41
80 41
80 41
80 41
79 41
79 41
79 41
79 41
79 41
79 41
79 41
79 41
79 41
79 41
80 41
79 41
91 41
79 41
96 41
115 35
79 41
79 41
79 41
79 41
79 41
79 41
79 41
79 41
79 41
100 41
90 36
90 36
88 41
99 36
98 36
92 36
100 36
98 36
99 33
99 33
100 36
99 33
98 33
99 33
99 33
99 33
99 33
99 33
99 33
99 33
99 33
107 33
99 33
107 33
99 33
99 33
99 33
99 33
99 33
99 33
99 33
118 33
99 33
99 33
115 33
90 36
90 36
98 36
96 36
101 36
93 36
94 36
90 36
90 36
98 36
90 36
91 36
90 36
103 36
90 36
90 36
90 36
90 36
90 36
90 36
90 36
90 36
93 35
98 36
93 35
93 35
93 35
93 35
93 35
93 35
101 35
93 35
100 35
93 35
93 35
93 35
93 35
52 37
52 37
55 37
52 37
52 37
52 37
52 37
52 37
52 37
103 35
52 37
88 37
52 37
56 37
97 35
92 37
95 37
88 37
52 37
52 37
55 35
62 35
55 35
55 35
55 35
55 35
55 35
88 37
88 37
55 35
92 37
60 35
55 35
55 35
55 35
55 35
55 35
56 35
70 35
55 35
55 35
55 35
55 35
55 35
55 35
55 35
55 35
55 35
61 35
60 35
59 33
59 33
67 35
61 35
59 33
59 33
59 33
59 33
59 33
59 33
59 33
59 33
59 33
59 33
59 33
59 33
62 33
59 33
59 33
59 33
59 33
59 33
102 19
67 33
102 19
112 19
102 19
102 19
102 19
102 19
102 19
102 19
102 19
102 19
102 19
102 19
102 19
102 19
97 20
103 20
97 20
97 20
103 20
97 20
97 20
97 20
97 20
97 20
97 20
97 20
97 20
97 20
97 20
97 20
97 20
97 20
97 20
97 20
97 20
92 21
92 21
94 21
93 21
94 21
92 21
92 21
92 21
92 21
92 21
92 21
92 21
92 21
92 21
92 21
92 21
92 21
92 21
92 21
92 21
92 21
92 21
92 21
93 21
97 21
92 21
97 21
92 21
102 19
102 19
102 19
102 19
102 19
102 19
102 19
102 19
102 19
102 19
102 19
102 19
102 19
102 19
102 19
103 19
102 19
110 19
102 19
102 19
102 19
102 19
102 19
102 19
97 20
97 20
97 20
97 20
97 20
97 20
97 20
110 20
97 20
97 20
97 20
97 20
97 20
97 20
106 20
97 20
97 20
97 20
97 20
97 20
97 20
97 20
97 20
97 20
97 20
97 20
97 20
88 22
88 22
88 22
100 20
88 22
88 22
88 22
88 22
88 22
93 22
88 22
88 22
88 22
88 22
88 22
88 22
88 22
88 22
88 22
88 22
88 22
88 22
88 22
88 22
88 22
96 22
88 22
88 22
88 22
88 22
88 22
95 21
92 21
92 21
92 21
92 21
92 21
92 21
92 21
92 21
92 21
92 21
92 21
92 21
92 21
92 21
92 21
92 21
92 21
93 21
92 21
92 21
92 21
92 21
92 21
102 19
102 19
102 19
102 19
102 19
102 19
102 19
102 19
102 19
102 19
102 19
102 19
102 19
102 19
102 19
102 19
102 19
102 19
102 19
102 19
102 19
102 19
102 19
102 19
102 19
102 19
102 19
102 19
102 19
102 19
102 19
102 19
102 19
102 19
102 19
102 19
102 19
108 19
102 19
103 20
97 20
97 20
97 20
97 20
97 20
97 20
97 20
97 20
97 20
97 20
97 20
97 20
97 20
97 20
97 20
97 20
97 20
92 21
95 21
92 21
92 21
95 21
92 21
92 21
92 21
92 21
92 21
92 21
92 21
92 21
92 21
92 21
92 21
93 21
92 21
92 21
92 21
92 21
92 21
92 21
97 21
92 21
92 21
92 21
93 21
92 21
102 19
102 19
102 19
102 19
97 21
102 19
102 19
102 19
102 19
102 19
102 19
102 19
102 19